   0.0000000000000000      -0.16768555116370290       -0.0000000000000000        7.0455658239576893E-004  0.15268210115923497     
   5.5557782955970580E-003 -0.15295011462030716        5.9901772018433879E-004   7.1023582211575712E-004  0.13849852410340310     
   1.1117408835973119E-002 -0.14503413551036698        6.1648860932841301E-003   7.0086590573703207E-003  0.11526505017779694     
   1.6690766757195163E-002 -0.13888597488071197        2.0744209093253241E-002   1.9341103752627577E-002   8.2755461274244754E-002
   2.2281773150745199E-002 -0.13189889399679625        4.5931438042578612E-002   3.2148185251919995E-002   3.9063702088627368E-002
   2.7896418475266804E-002 -0.12605867318241901        7.9267961672190870E-002   3.7167748679756120E-002  -3.0847444003416985E-003
   3.3540786494635988E-002 -0.12288664380350675       0.11595036567909489        3.1038030308314101E-002  -3.6080676517344416E-002
   3.9221078927010655E-002 -0.12246560980390203       0.15074026707296437        1.5667271838626536E-002  -5.5270696842296171E-002
   4.4943640997554102E-002 -0.12374358771217489       0.17968545989041823       -3.9809174326071615E-003  -6.3156765307706295E-002
   5.0714988097788627E-002 -0.12543717835393550       0.20069988310031098       -2.3203577025796097E-002  -6.2711631980001917E-002
   5.6541833767128846E-002 -0.12660983285181682       0.21338109072494293       -3.8875910650611113E-002  -5.7849829640908575E-002
   6.2431119227231768E-002 -0.12677851105173008       0.21848428681701676       -4.9692359922897777E-002  -5.0826777675814866E-002
   6.8390044717578480E-002 -0.12584266685152351       0.21737337830611261       -5.5703204562229616E-002  -4.3368240677204579E-002
   7.4426102901370861E-002 -0.12392220890456436       0.21159016918969334       -5.7658223579116583E-002  -3.6066150344483607E-002
   8.0547114634627714E-002 -0.12121070604172179       0.20257117083260420       -5.6507541630484527E-002  -2.9393989055039094E-002
   8.6761267418559829E-002 -0.11788606778960035       0.19151312959636807       -5.3183607108880017E-002  -2.3457090901198987E-002
   9.3077156886179235E-002 -0.11409746465702779       0.17933998816897512       -4.8494116292982191E-002  -1.8381098448903094E-002
   9.9503831708928292E-002 -0.10997690816423873       0.16672949727185504       -4.3052888970035029E-002  -1.4104660304203431E-002
  0.10605084234820361      -0.10567131517755653       0.15415585306241486       -3.7361753952235358E-002  -1.0484219956796921E-002
  0.11272829412024898      -0.10131865325954165       0.14192376024518275       -3.1788533469653005E-002  -7.2032218282466528E-003
  0.11954690509127719       -9.6969811758764013E-002  0.13020749081848104       -2.6439365260340329E-002  -4.2593971268176552E-003
  0.12651806937292931       -9.2617205418727019E-002  0.11910459929027772       -2.1258670358068690E-002  -1.8837008409567956E-003
  0.13365392644637986       -8.8280350788563611E-002  0.10868136986407664       -1.6262692636531167E-002  -2.0940582140969828E-004
  0.14096743720633143       -8.3990857347673906E-002   9.8995505261347094E-002  -1.1569386001743693E-002   7.7417571135345020E-004
  0.14847246748333354       -7.9771548161227390E-002   9.0100864624503285E-002  -7.3007843458083683E-003   1.0051397275597312E-003
  0.15618387987337767       -7.5702147911870868E-002   8.2035475580479675E-002  -3.6205862632158400E-003   7.4524519981819992E-004
  0.16411763477601715       -7.1892117841258527E-002   7.4802330337037815E-002  -7.1050403396117170E-004   5.8746863144347103E-004
  0.17229090161386273       -6.8335595561022713E-002   6.8365147172092577E-002   1.4260866122585336E-003   6.2731739796782944E-004
  0.18072218127348627       -6.4951036331559409E-002   6.2657798194695566E-002   2.9803299584771404E-003   4.6075650005207661E-004
  0.18943144086511210       -6.1699040420445238E-002   5.7593451160615511E-002   4.1784950509269111E-003   2.5002324361212118E-006
  0.19844026193804876       -5.8570309632809875E-002   5.3078034050181029E-002   5.0999058967214767E-003  -5.3774914605919362E-004
  0.20777200329950851       -5.5595921331536187E-002   4.9028456584174915E-002   5.6211671871444534E-003  -5.9839974018051183E-004
  0.21745197955063533       -5.2778628362217438E-002   4.5394122496042834E-002   5.7634307171754206E-003  -1.0266173316757193E-004
  0.22750765635346926       -5.0075717587119921E-002   4.2181429878376454E-002   5.6854430456531697E-003   1.5582582082088859E-004
  0.23796886324642719       -4.7502202079505083E-002   3.9427361265752255E-002   5.3001800453897482E-003   1.1152274986470995E-005
  0.24886802449299283       -4.5060143188400334E-002   3.7114282537722337E-002   4.6883639257355716E-003  -3.7126766260998575E-004
  0.26024040792358893       -4.2751789663239864E-002   3.5126861861511663E-002   4.0936542080319323E-003  -6.3895021747997836E-004
  0.27212439094034702       -4.0569457698786754E-002   3.3308668385325202E-002   3.6815560573798273E-003  -3.7728850843268434E-004
  0.28456174170057658       -3.8479523821037850E-002   3.1583712444601203E-002   3.3928352071604085E-003  -1.1364186533188291E-003
  0.29759791184845685       -3.6546183808617232E-002   3.0017290651693364E-002   3.0330313556331573E-003  -2.2846110644222936E-003
  0.31128233485888224       -3.4812092222310027E-002   2.8660000841947517E-002   2.5175709257423983E-003  -2.3293469037644330E-003
  0.32566872087986343       -3.3119703725834670E-002   2.7432656800334174E-002   2.0931627845537132E-003  -1.5000142292976280E-003
  0.34081533464557734       -3.1335266246313373E-002   2.6281398936293141E-002   2.2083734953426393E-003  -3.7388822024893493E-003
  0.35678523726130873       -2.9526618536234422E-002   2.5225325023349350E-002   2.1921494698035663E-003  -4.1183040315672043E-003
  0.37364646506543364       -2.7738775541990935E-002   2.4271921294469100E-002   1.6395358573380739E-003  -1.6159715155871261E-003
  0.39147210895686202       -2.5975421256693245E-002   2.3303826784236314E-002   1.2230352005922311E-003   2.6976361770734685E-003
  0.41034024516862067       -2.4166794871392751E-002   2.2114294441841039E-002   1.3731033391582775E-003   3.2210449002467666E-003
  0.43033365322381067       -2.2370534039648941E-002   2.0760467765492726E-002   1.4815374338231183E-003   3.3902472704384776E-004
  0.45153923878211710       -2.0660132057084318E-002   1.9506659167943575E-002   1.5201362828844286E-003  -3.8476973969243443E-003
  0.47404705890666676       -1.9020817002495537E-002   1.8243438484573549E-002   1.4939181136657963E-003  -1.0371237022018687E-003
  0.49794882658720052       -1.7321729648917917E-002   1.6738565120281695E-002   1.4510189969480659E-003  -9.1418963007430343E-004
  0.52333575336140359       -1.5694145957100884E-002   1.5128726206107545E-002   1.7129709183945855E-003  -3.6836162623840566E-003
  0.55029557908023863       -1.4203295074849680E-002   1.3486584059175521E-002   2.0586166504153827E-003   5.5404324765012008E-004
  0.57890864473082759       -1.2787160651257293E-002   1.1756437020230229E-002   2.9125119107986544E-003  -4.4393060950610437E-004
  0.60924289952175759       -1.1490636122519618E-002   9.8778581232069861E-003   3.7739433565180543E-003   1.4036360584606519E-003
  0.64134781155244047       -1.0273209910974397E-002   7.9069356809512107E-003   4.3645385664322009E-003  -4.0701592783334350E-005
  0.67524728681722745       -9.2402969084619431E-003   6.0975268602419521E-003   4.8523649036737041E-003   1.5584851081424278E-003
  0.71093190312685461       -8.3559993060450845E-003   4.5510410021571152E-003   5.0206083989430342E-003   1.2033944290708925E-002
  0.74835102857084257       -7.5245859353944176E-003   3.2307960640380533E-003   5.1981875529612410E-003   8.4107130663134463E-003
  0.78740568787924303       -6.8436300712233465E-003   2.1525199630486728E-003   5.3105449804628562E-003   1.0846562357738650E-002
  0.82794329986525228       -6.2819327115791641E-003   1.3188158783300880E-003   5.3140805545248406E-003   1.3813254151253283E-002
  0.86975553789979942       -5.8502384528558663E-003   7.2737429225399686E-004   5.4748629718784411E-003   1.3741607462536883E-002
  0.91258045440866753       -5.6004889261295149E-003   3.3422335361378585E-004   5.8534799469938939E-003   1.2455235932977366E-002
  0.95610958316583572       -5.4651165025374942E-003   7.7963954381320377E-005   6.1232790532231626E-003   1.6433803413256853E-002
  0.99999999999999956       -5.4631825238627835E-003   1.8955637293753977E-006   6.3695621738639151E-003   2.1054704177342516E-002
   1.0438904168341634       -5.6134399188429622E-003   1.8215339321058538E-004   6.5231773124578962E-003   2.0228131012928533E-002
   1.0874195455913318       -5.9304200728101776E-003   6.5140545784492417E-004   5.9396997348769159E-003   4.2426119140567447E-003
   1.1302444621001997       -6.4344181203477048E-003   1.3553877619757713E-003   4.9423625147260010E-003   7.9626763068448639E-003
   1.1720567001347466       -7.0392917974265289E-003   2.2205117352389918E-003   4.1215433131686014E-003   4.0218977780139874E-003
   1.2125943121207561       -7.7837057164722081E-003   3.2161869781928846E-003   3.8198891968642770E-003   5.0200034056269750E-003
   1.2516489714291565       -8.6357577166915750E-003   4.3144986026819971E-003   4.0944954321940653E-003  -4.9777299184018834E-003
   1.2890680968731445       -9.5988563328577893E-003   5.5459824180623769E-003   3.9803923325982798E-003  -6.2995554060828619E-004
   1.3247527131827717       -1.0610611886040367E-002   6.8287195702274144E-003   3.7843161290566094E-003   3.1156782677397212E-003
   1.3586521884475586       -1.1594977038521543E-002   8.0582622975375259E-003   3.5397957709436280E-003   1.9185159227366737E-003
   1.3907571004782415       -1.2552526248930180E-002   9.2817716733796726E-003   2.9364656324111695E-003   8.3749432545088287E-004
   1.4210913552691715       -1.3580455866967881E-002   1.0458222491218012E-002   2.6225957204742746E-003   1.5692477705148797E-003
   1.4497044209197605       -1.4663238475550662E-002   1.1548821945956442E-002   2.1647794441026747E-003  -8.6864726727431114E-004
   1.4766642466385955       -1.5832548386877553E-002   1.2725675418960216E-002   1.7674634797546053E-003   3.5870241936485938E-004
   1.5020511734127986       -1.7148319232003911E-002   1.4031352546217988E-002   1.4885594707965647E-003   1.0289605170516847E-003
   1.5259529410933323       -1.8592876575537196E-002   1.5374763321921026E-002   1.1933410337522489E-003  -1.8059446642882705E-004
   1.5484607612178820       -2.0154466203824280E-002   1.6741611699333185E-002   9.7433274562824790E-004  -2.8250690259282799E-003
   1.5696663467761884       -2.1837654325160216E-002   1.8145166127272939E-002   1.1260562589320926E-003  -1.6224612767410775E-003
   1.5896597548313784       -2.3591461091905647E-002   1.9538475074908461E-002   1.5702066758990548E-003   3.8207234267245981E-004
   1.6085278910431371       -2.5384479307705477E-002   2.0932346893988749E-002   1.8744199516951636E-003   7.1949436412537795E-004
   1.6263535349345655       -2.7195944453283851E-002   2.2353974031943356E-002   2.2673044559512333E-003  -6.9557461168158875E-004
   1.6432147627386904       -2.9004179123311526E-002   2.3779022736000032E-002   2.6890553325078655E-003  -5.7820411263967962E-004
   1.6591846653544218       -3.0819034365311457E-002   2.5195493907925252E-002   3.3663444251416357E-003  -3.8289125929004385E-005
   1.6743312791201357       -3.2596324747784580E-002   2.6553316024178635E-002   4.2795337393500129E-003  -1.9368017419726668E-003
   1.6887176651411169       -3.4446005384999805E-002   2.7912538527439960E-002   4.8756122479317165E-003  -1.9680760732469177E-003
   1.7024020881515423       -3.6409607459822371E-002   2.9410654753444537E-002   5.3797836165516023E-003  -1.2386950674871686E-003
   1.7154382582994225       -3.8464229595671043E-002   3.1092019416474912E-002   5.9100599411467279E-003  -6.4890434763485477E-004
   1.7278756090596521       -4.0636782811483384E-002   3.2976462701742225E-002   6.2334643425985348E-003  -3.8425100925416016E-004
   1.7397595920764102       -4.2936614769260889E-002   3.5112653435243363E-002   6.3675158896062366E-003  -5.9946184763690037E-004
   1.7511319755070063       -4.5428759883148720E-002   3.7569528894995319E-002   6.2299588548757941E-003  -4.0518337898627800E-004
   1.7620311367535719       -4.8168383910083060E-002   4.0419470938829617E-002   5.6144689898782402E-003   1.0299861153425112E-003
   1.7724923436465299       -5.1118887183540983E-002   4.3666228396899813E-002   4.6885158721040781E-003   2.9356492191288963E-003
   1.7825480204493638       -5.4188901322130792E-002   4.7256559421701025E-002   3.8275164830615868E-003   4.0181664281630980E-003
   1.7922279967004906       -5.7347837785910072E-002   5.1194504160306305E-002   3.0976616258517175E-003   4.1901505787714345E-003
   1.8015597380619504       -6.0602913689960146E-002   5.5565085202284384E-002   2.4381160576945099E-003   3.8446615820018188E-003
   1.8105685591348870       -6.3930477094524485E-002   6.0461962216951624E-002   1.8499531859083272E-003   2.9868325543589646E-003
   1.8192778187265128       -6.7326169581622089E-002   6.5940838740994712E-002   1.1065666932361848E-003   1.6319054959009034E-003
   1.8277090983861364       -7.0851875945970352E-002   7.2017710751838784E-002  -2.2057527428224333E-004   3.2234867439582659E-004
   1.8358823652239820       -7.4552460101223739E-002   7.8693408328291359E-002  -2.4012704327129558E-003  -6.3206521341287940E-004
   1.8438161201266214       -7.8434812162468295E-002   8.5985614822292611E-002  -5.4737648278123273E-003  -1.1233209396109849E-003
   1.8515275325166656       -8.2462995365520667E-002   9.3924005618494774E-002  -9.2929404843892904E-003  -1.5055755402167941E-003
   1.8590325627936677       -8.6574683771552738E-002  0.10252880544360490       -1.3693575604463656E-002  -2.1878206092931121E-003
   1.8663460735536193       -9.0721432255497086E-002  0.11182291956840092       -1.8658733520064988E-002  -3.2912674009210338E-003
   1.8734819306270698       -9.4879995733539960E-002  0.12184239819083688       -2.4173214420268846E-002  -4.8053739319197687E-003
   1.8804530949087219       -9.9049855106389764E-002  0.13261211438135431       -3.0145796780235243E-002  -6.7515325715685652E-003
   1.8872717058797501      -0.10323395345746790       0.14411593982182025       -3.6510665748727883E-002  -9.0389811009326648E-003
   1.8939491576517955      -0.10739528606613021       0.15627694481319571       -4.3120514212387481E-002  -1.1732909812008221E-002
   1.9004961682910708      -0.11145311269900905       0.16892830685909682       -4.9649169139049702E-002  -1.5019436723628495E-002
   1.9069228431138199      -0.11530410290614999       0.18176487355874929       -5.5629384114576762E-002  -1.9167095618163231E-002
   1.9132387325814393      -0.11882549540277693       0.19428961527623065       -6.0493627203900453E-002  -2.4309476266791297E-002
   1.9194528853653714      -0.12188582171289840       0.20577231501038465       -6.3627550216158013E-002  -3.0522510434816772E-002
   1.9255738970986283      -0.12434581467564684       0.21522842038062837       -6.4338466143876977E-002  -3.7633857113830715E-002
   1.9316099552824206      -0.12607459924279360       0.22142508352906196       -6.1793385198492069E-002  -4.5515213225575869E-002
   1.9375688807727673      -0.12697390632803629       0.22292976535822309       -5.5012707275310102E-002  -5.3582275576328720E-002
   1.9434581662328703      -0.12704295263846838       0.21822655020769044       -4.3241613625827222E-002  -6.1073951394775387E-002
   1.9492850119022105      -0.12649137533811602       0.20596126297096404       -2.6624460328804601E-002  -6.5981308834783675E-002
   1.9550563590024450      -0.12575652362400166       0.18532253178116576       -6.4883384417337370E-003  -6.6250799082937989E-002
   1.9607789210729885      -0.12558960307002021       0.15655032254192755        1.4391457571231862E-002  -5.8312922720929070E-002
   1.9664592135053631      -0.12713921354647881       0.12149298413018461        3.1582799145595392E-002  -3.9288259708318091E-002
   1.9721035815247323      -0.13158109500438225        8.3928036047629412E-002   3.9659415158255669E-002  -5.7657232384657111E-003
   1.9777182268492539      -0.13910861926825030        4.9180785745279398E-002   3.5578410903616478E-002   3.8746192776575809E-002
   1.9833092332428039      -0.14805720325162247        2.2457785576455391E-002   2.2055602822474155E-002   8.6734558595288419E-002
   1.9888825911640260      -0.15575891179677084        6.7403604561451806E-003   8.1819545652626422E-003  0.12340545916885241     
   1.9944442217044021      -0.16449264005233977        6.5989749077496039E-004   8.6373558626881130E-004  0.14904701967773848     
   2.0000000000000000      -0.17966987664328959        0.0000000000000000        7.7424420159046404E-004  0.16380670293058447     
