0.000000
0.005556
0.011117
0.016691
0.022282
0.027896
0.033541
0.039221
0.044944
0.050715
0.056542
0.062431
0.068390
0.074426
0.080547
0.086761
0.093077
0.099504
0.106051
0.112728
0.119547
0.126518
0.133654
0.140967
0.148472
0.156184
0.164118
0.172291
0.180722
0.189431
0.198440
0.207772
0.217452
0.227508
0.237969
0.248868
0.260240
0.272124
0.284562
0.297598
0.311282
0.325669
0.340815
0.356785
0.373646
0.391472
0.410340
0.430334
0.451539
0.474047
0.497949
0.523336
0.550296
0.578909
0.609243
0.641348
0.675247
0.710932
0.748351
0.787406
0.827943
0.869756
0.912580
0.956110
1.000000
1.043890
1.087420
1.130244
1.172057
1.212594
1.251649
1.289068
1.324753
1.358652
1.390757
1.421091
1.449704
1.476664
1.502051
1.525953
1.548461
1.569666
1.589660
1.608528
1.626354
1.643215
1.659185
1.674331
1.688718
1.702402
1.715438
1.727876
1.739760
1.751132
1.762031
1.772492
1.782548
1.792228
1.801560
1.810569
1.819278
1.827709
1.835882
1.843816
1.851528
1.859033
1.866346
1.873482
1.880453
1.887272
1.893949
1.900496
1.906923
1.913239
1.919453
1.925574
1.931610
1.937569
1.943458
1.949285
1.955056
1.960779
1.966459
1.972104
1.977718
1.983309
1.988883
1.994444
2.000000
